2
-2
0
-2
0
2
4
-2
-2
0
-4
0
2
-2
0
5
1
1
-3
3
-1
1
1
1
-1
5
-1
3
-1
1
1
-1
-1
3
-3
-1
3
-3
-5
3
-3
-1
-3
1
1
1
-1
-1
3
3
5
3
-1
1
1
-3
-3
1
-3
1
3
-1
1
5
-3
-3
1
3
3
3
1
3
-3
1
1
-1
-3
3
0
-2
0
0
-2
-4
0
2
4
0
-2
4
1
3
5
-1
-3
1
1
1
3
3
3
7
3
-1
-1
3
1
-3
7
-7
-7
1
3
1
5
-1
1
5
-3
-1
3
-3
1
3
-3
-3
1
-1
-3
5
5
3
1
-1
5
5
-1
1
3
-5
-5
1
-5
1
5
-3
-5
-1
-1
-1
5
-5
-7
3
1
1
1
-1
5
-3
7
-3
3
3
-1
3
1
5
1
1
3
1
-1
-3
5
-3
-1
7
-3
-3
3
3
3
7
1
1
5
-1
-3
-1
1
1
1
-5
1
-3
3
1
3
-1
-1
5
-3
-5
5
-1
-3
-3
1
3
3
7
3
5
1
3
1
-5
1
3
-1
-5
1
3
1
5
-1
1
1
-1
1
-3
1
-1
5
3
5
-3
-5
5
5
3
1
-1
-1
3
7
-3
-3
0
-2
4
0
0
-2
0
2
0
0
2
4
-4
-6
4
0
-2
0
2
2
2
-4
4
-2
6
-4
-4
0
6
0
4
-4
-2
4
6
4
4
4
2
2
4
0
6
4
4
2
-2
2
2
-2
2
2
2
2
-1
1
-5
1
-3
-3
1
-1
-1
5
3
3
